1	0.882	0.751	1.268	1.14	0.0409	0.128
0.882	1	0.74	1.14	0.889	0.0324	0.1241
0.751	0.74	1	0.815	1.065	0.0711	0.1825
1.268	1.14	0.815	1	0.787	0.0977	0.3051
1.14	0.889	1.065	0.787	1	0.0526	0.235
0.0409	0.0324	0.0711	0.0977	0.0526	1	
0.128	0.1241	0.1825	0.3051	0.235	0.5455	1